
    72293 NKX San Diego Observations at 12Z 28 Nov 2022

-----------------------------------------------------------------------------
   PRES   HGHT   TEMP   DWPT   RELH   MIXR   DRCT   SKNT   THTA   THTE   THTV
    hPa     m      C      C      %    g/kg    deg   knot     K      K      K 
-----------------------------------------------------------------------------
 1000.0    127                                                               
  999.0    137   11.8   10.2     90   7.88    115      4  285.0  307.1  286.4
  973.0    357   11.4    9.9     90   7.93    144      6  286.8  309.1  288.1
  928.0    750    8.2    8.0     99   7.31    195     10  287.4  308.2  288.7
  925.0    777    8.0    7.9     99   7.27    190     11  287.5  308.1  288.7
  923.0    795    7.8    7.4     97   7.04    189     12  287.5  307.4  288.7
  918.0    840    9.0    0.7     56   4.42    185     14  289.2  302.1  289.9
  910.0    913   11.0  -10.0     22   1.97    192     13  291.9  298.0  292.3
  906.0    949   11.2  -10.8     20   1.86    196     13  292.5  298.3  292.8
  898.0   1023   12.2  -14.8     14   1.36    203     12  294.3  298.6  294.5
  885.0   1145   12.1  -12.9     16   1.61    215     10  295.4  300.5  295.7
  872.0   1269   12.0  -11.0     19   1.90    240     11  296.5  302.6  296.9
  864.0   1346   11.3   -8.8     24   2.29    255     11  296.6  303.8  297.1
  850.0   1482   10.2   -4.8     34   3.16    240      9  296.8  306.6  297.4
  839.0   1590    9.2   -4.6     37   3.26    235     11  296.9  306.9  297.5
  814.0   1840    7.0   -4.0     45   3.51    248     13  297.1  307.9  297.8
  793.0   2054    6.2  -15.8     19   1.41    259     15  298.5  303.1  298.7
  781.0   2179    7.5  -36.1      3   0.23    265     16  301.2  302.0  301.2
  778.0   2211    7.8  -41.2      2   0.13    265     16  301.8  302.4  301.9
  756.0   2447    8.0  -40.0      2   0.16    264     17  304.5  305.1  304.6
  700.0   3077    4.4  -31.6      5   0.39    260     19  307.3  308.7  307.4
  681.0   3301    3.2  -29.8      7   0.48    260     19  308.4  310.1  308.5
  602.0   4286   -4.5  -35.5      7   0.31    260     21  310.6  311.7  310.6
  592.0   4417   -5.5  -34.6      8   0.34    260     21  310.9  312.2  311.0
  570.0   4714   -7.7  -32.7     11   0.43    250     23  311.7  313.3  311.8
  560.0   4851   -8.9  -26.9     22   0.76    245     24  311.8  314.5  312.0
  549.0   5005  -10.3  -20.3     44   1.40    249     25  312.0  316.7  312.2
  537.0   5175  -11.7  -12.3     95   2.78    254     26  312.3  321.4  312.8
  536.0   5189  -11.9  -12.8     93   2.68    254     26  312.2  321.0  312.7
  523.0   5377  -12.7  -12.7    100   2.77    260     27  313.4  322.6  314.0
  510.0   5569  -13.7  -14.8     92   2.40    265     28  314.5  322.5  314.9
  500.0   5720  -14.5  -16.4     85   2.13    260     32  315.3  322.5  315.7
  491.0   5857  -15.7  -20.6     66   1.52    260     33  315.5  320.7  315.8
  486.0   5934  -16.1  -29.1     32   0.71    260     33  315.9  318.5  316.0
  480.0   6027  -16.9  -30.9     29   0.61    260     34  316.0  318.3  316.1
  468.0   6217  -18.3  -28.3     41   0.80    260     35  316.6  319.5  316.8
  439.0   6691  -20.9  -49.9      6   0.09    260     38  319.1  319.5  319.2
  400.0   7370  -25.9  -47.9     11   0.13    260     43  321.2  321.8  321.3
  399.0   7388  -26.1  -48.1     11   0.12    260     43  321.2  321.7  321.2
  368.0   7967  -31.1  -35.0     68   0.53    262     46  322.1  324.1  322.2
  364.0   8045  -31.7  -37.7     55   0.41    263     47  322.3  323.8  322.4
  343.0   8462  -35.3  -39.4     66   0.37    265     49  322.9  324.3  323.0
  338.0   8563  -36.1  -39.8     69   0.36    265     50  323.2  324.5  323.2
  310.0   9158  -40.9  -42.3     86   0.30    258     48  324.6  325.7  324.6
  300.0   9380  -42.9  -46.0     71   0.21    255     47  324.8  325.6  324.8
  289.0   9631  -45.3  -49.9     60   0.14    254     47  324.9  325.4  324.9
  275.0   9960  -48.3  -49.5     87   0.15    253     46  325.1  325.8  325.2
  253.0  10503  -52.7  -57.2     58   0.07    250     45  326.5  326.8  326.5
  250.0  10580  -53.3  -57.3     62   0.07    250     45  326.7  327.0  326.7
  232.0  11055  -57.7  -61.8     59   0.04    250     45  327.1  327.2  327.1
  227.0  11191  -58.9  -60.6     81   0.05    250     45  327.3  327.5  327.3
  223.0  11302  -59.8  -63.0     66   0.04    250     45  327.5  327.7  327.5
  221.0  11358  -60.3  -64.2     60   0.03    250     46  327.6  327.8  327.6
  217.0  11472  -59.7  -68.7     30   0.02    251     49  330.3  330.4  330.3
  200.0  11980  -59.7  -72.7     17   0.01    255     60  338.1  338.1  338.1
  185.0  12470  -58.7  -75.7      9   0.01    253     64  347.3  347.3  347.3
  166.0  13147  -60.4  -79.9      6   0.00    250     70  355.5  355.5  355.5
  150.0  13780  -61.9  -83.9      4   0.00    255     66  363.2  363.3  363.2
  142.0  14118  -61.9  -84.9      3   0.00    257     64  369.0  369.0  369.0
  104.0  16022  -65.7  -86.7      4   0.00    269     52  396.1  396.1  396.1
  100.0  16260  -64.3  -86.3      3   0.00    270     51  403.2  403.2  403.2
   87.0  17103  -66.1  -87.3      4   0.00    260     39  416.0  416.0  416.0
   80.0  17611  -67.2  -87.9      4   0.00    285     40  423.9  423.9  423.9
   74.0  18083  -68.2  -88.5      4   0.00    280     36  431.3  431.3  431.3
   70.0  18420  -68.9  -88.9      4   0.00    270     36  436.6  436.7  436.6
   69.1  18497  -69.3  -89.3      4   0.00    266     36  437.4  437.4  437.4
   68.0  18595  -68.6  -89.3      4   0.00    260     35  441.0  441.0  441.0
   61.7  19183  -64.1  -89.1      2   0.00    274     35  463.3  463.3  463.3
   59.0  19457  -64.2  -89.2      2   0.00    280     35  469.0  469.0  469.0
   53.0  20113  -64.6  -89.6      2   0.00    260     15  482.8  482.8  482.8
   52.0  20230  -64.6  -89.6      2   0.00    255     16  485.3  485.3  485.3
   51.0  20349  -64.7  -89.7      2   0.00    265     21  487.8  487.9  487.8
   50.0  20470  -64.1  -90.1      2   0.00    275     27  492.0  492.0  492.0
   48.0  20723  -63.6  -90.0      2   0.00    295     23  499.0  499.0  499.0
   44.0  21263  -62.5  -89.8      1   0.00    305     21  514.2  514.2  514.2
   43.0  21406  -62.2  -89.7      1   0.00    285     17  518.3  518.3  518.3
   41.0  21702  -61.6  -89.6      1   0.00    305     23  526.9  526.9  526.9
   39.0  22012  -61.0  -89.4      1   0.00    315     21  536.1  536.1  536.1
   38.0  22173  -60.7  -89.3      1   0.00    345     18  540.9  540.9  540.9
   36.0  22509  -60.0  -89.2      1   0.00    320     18  551.1  551.1  551.1
   34.0  22863  -59.3  -89.0      1   0.00      0     13  562.0  562.1  562.0
   33.0  23049  -58.9  -89.0      1   0.00    335     10  567.8  567.9  567.8
   30.0  23640  -57.7  -88.7      1   0.01    245      6  586.8  586.8  586.8
   29.0  23857  -57.2  -88.5      1   0.01    260      5  593.8  593.8  593.8
   26.0  24557  -55.7  -87.8      1   0.01    345     10  616.9  617.0  616.9
   25.0  24809  -55.1  -87.5      1   0.01     75      6  625.4  625.5  625.4
   24.0  25071  -54.6  -87.2      1   0.01     75     10  634.4  634.5  634.4
   23.0  25344  -54.0  -87.0      1   0.01     55     27  644.0  644.0  644.0
   22.0  25629  -53.4  -86.7      1   0.01     70     24  654.0  654.1  654.0
   20.1  26208  -52.1  -86.1      1   0.01     32     13  675.0  675.1  675.0
   20.0  26240  -52.3  -86.3      1   0.01     30     12  675.3  675.5  675.3
   19.0  26570  -53.9  -86.1      1   0.01     65     12  680.2  680.4  680.2
   18.9  26604  -54.1  -86.1      1   0.01     62     12  680.7  680.9  680.8
   18.0  26919  -51.3  -86.3      1   0.01     30     10  699.1  699.3  699.1
   17.0  27289  -51.7  -86.5      1   0.01     20     20  709.4  709.5  709.4
   15.0  28098  -52.6  -86.9      1   0.01     40     16  732.3  732.5  732.3
   14.0  28544  -53.0  -87.1      1   0.01     25     25  745.2  745.4  745.2
   13.9  28590  -53.1  -87.1      1   0.01     28     24  746.6  746.8  746.6
   13.0  29024  -51.8  -86.3      1   0.02     55     14  765.6  765.8  765.6
   12.3  29382  -50.7  -85.7      1   0.02     31     20  781.6  781.8  781.6
   12.0  29542  -51.1  -85.9      1   0.02     20     23  785.5  785.8  785.5
   11.0  30104  -52.7  -86.5      1   0.02     20     16  799.6  799.9  799.6
   10.3  30529  -53.9  -86.9      1   0.02    346     17  810.4  810.7  810.4
   10.0  30720  -51.1  -87.1      1   0.02    330     17  827.7  828.0  827.7
    9.8  30852  -49.5  -85.5      1   0.03    332     17  838.5  838.9  838.5
    9.0  31411  -48.9  -85.3      1   0.03    340     17  861.5  861.9  861.5
    8.0  32185  -48.1  -85.0      1   0.04    335     22  894.2  894.7  894.2
    7.8  32351  -47.9  -84.9      1   0.04    342     20  901.4  901.9  901.4
    7.4  32703  -42.7  -82.7      0   0.06    355     16  936.2  937.0  936.2
    7.0  33078  -41.9  -81.9      1   0.07     10     12  954.5  955.5  954.5
    6.9  33175  -42.1  -82.1      1   0.07                957.6  958.6  957.6


      Station information and sounding indices

                         Station identifier: NKX
                             Station number: 72293
                           Observation time: 221128/1200
                           Station latitude: 32.85
                          Station longitude: -117.12
                          Station elevation: 137.0
                            Showalter index: 10.07
                               Lifted index: 8.85
    LIFT computed using virtual temperature: 9.01
                                SWEAT index: 49.98
                                    K index: -16.10
                         Cross totals index: 9.70
                      Vertical totals index: 24.70
                        Totals totals index: 34.40
      Convective Available Potential Energy: 0.00
             CAPE using virtual temperature: 0.00
                      Convective Inhibition: -2.74
             CINS using virtual temperature: -1.86
                           Equilibrum Level: 922.38
 Equilibrum Level using virtual temperature: 921.89
                   Level of Free Convection: 928.04
             LFCT using virtual temperature: 928.73
                     Bulk Richardson Number: 0.00
          Bulk Richardson Number using CAPV: 0.00
  Temp [K] of the Lifted Condensation Level: 282.46
Pres [hPa] of the Lifted Condensation Level: 951.47
   Equivalent potential temp [K] of the LCL: 308.43
     Mean mixed layer potential temperature: 286.52
              Mean mixed layer mixing ratio: 7.79
              1000 hPa to 500 hPa thickness: 5593.00
Precipitable water [mm] for entire sounding: 12.65

Description of the data columns
<http://weather.uwyo.edu/upperair/columns.html> or sounding indices
<http://weather.uwyo.edu/upperair/indices.html>.

------------------------------------------------------------------------
/Interested in graduate studies in atmospheric science? Check out our
program at the University of Wyoming
<http://www.uwyo.edu/atsc/howtoapply/>/
------------------------------------------------------------------------
Questions about the weather data provided by this site can be addressed
to Larry Oolman (ldoolman@uwyo.edu) <mailto:ldoolman@uwyo.edu>
------------------------------------------------------------------------
